%Horizon Arosa (seen from LKO)	
%azimut	elevation
arosa_h=[
0	11.0
1	12.0
2	12.0
3	11.0
4	11.0
5	13.0
6	13.0
7	14.0
8	14.0
9	9.0
10	5.0
11	4.0
12	3.3
13	3.0
14	2.5
15	2.5
16	2.7
17	2.7
18	2.7
19	2.7
20	2.7
21	3.0
22	3.3
23	3.8
23.3	3.96
24	3.7
25	3.6
26	3.6
27	3.5
28	3.5
29	3.5
30	3.5
31	3.5
32	3.2
33	3.1
34	2.9
35	2.7
36	2.7
37	2.7
38	2.7
39	2.5
40	2.4
40.3	2.30
40.5	2.40
41	2.2
42	2.0
43	3.0
44	3.7
45	4.6
45.9	4.71
46	4.6
47	4.5
48	4.6
49	4.7
50	4.4
51	4.3
51.4	4.30
52	5.0
52.4	5.06
53	5.2
53.8	5.14
54	5.2
55	5.0
56	4.6
57	4.7
58	4.3
58.8	4.19
59	4.0
59.1	4.20
59.7	4.20
60	4.4
61	4.2
61.4	4.20
62	4.1
63	4.0
63.8	4.10
64	4.3
65	5.0
65.3	5.00
66	5.5
66.1	5.54
67	5.0
67.2	4.95
68	5.2
68.8	5.60
69	5.6
70	6.6
70.3	6.80
71	7.0
72	7.4
73	7.6
74	7.8
75	8.0
75.8	8.19
76	8.2
77	7.6
78	6.9
78.2	6.80
79	6.6
79.4	6.55
80	6.7
81	7.4
82	8.2
83	9.3
84	10.1
85	10.7
85.6	11.54
86	11.5
87	10.4
87.4	10.20
88	10.1
88.6	10.15
89	10.0
89.6	9.95
90	10.0
90.2	10.00
90.8	10.60
91	10.6
91.6	10.70
92	11.4
93	12.3
93.7	12.79
94	12.8
95	12.1
96	11.5
97	11.0
98	10.6
99	9.8
99.5	9.60
100	8.8
100.1	8.50
101	8.0
102	7.6
103	8.0
103.5	8.40
103.6	8.80
104	9.0
104.2	9.00
104.3	9.45
104.5	9.40
104.6	9.70
105	9.7
105.5	9.80
106	10.9
106.5	10.80
106.6	11.10
107	11.0
107.2	10.95
107.5	11.20
107.7	11.15
108	11.4
108.4	11.45
109	11.5
110	11.4
111	11.5
111.5	11.40
111.9	11.20
112	11.1
112.4	11.00
112.5	11.30
113	11.2
113.7	11.15
113.8	11.35
114	11.4
114.6	11.70
114.7	12.10
115	12.6
115.2	12.70
116	12.8
116.9	12.60
117	12.8
117.3	13.30
117.8	13.60
118	14.0
119	15.1
119.8	15.95
120	16.0
120.6	16.20
121	16.3
121.3	16.25
122	16.0
122.5	16.10
123	15.7
123.3	15.60
124	15.3
125	15.1
126	14.8
127	14.4
128	13.5
129	12.8
129.6	12.75
130	12.5
130.4	11.80
130.8	11.80
131	11.6
132	10.7
132.5	10.65
132.8	10.80
133	10.8
133.2	10.76
134	10.1
134.6	9.90
134.7	9.60
135	9.3
136	8.4
136.6	8.65
137	8.7
137.4	9.00
137.8	8.85
138	9.0
138.5	9.00
139	9.1
139.8	8.95
140	8.8
140.6	8.50
141	8.5
142	9.0
143	8.8
144	8.6
145	9.0
146	9.5
147	10.0
147.8	10.59
148	10.6
148.5	10.50
149	10.7
150	10.8
150.2	10.90
151	10.6
152	10.7
152.8	10.77
153	10.8
153.4	10.70
153.8	10.75
154	10.5
154.9	10.10
155	9.8
155.5	9.80
155.6	9.40
156	9.3
156.5	8.90
156.8	9.15
157	9.1
157.7	9.10
158	9.3
158.5	9.40
159	9.7
160	10.8
160.5	11.25
160.9	11.40
161	11.3
161.8	11.00
162	11.0
162.4	10.90
163	11.2
163.6	11.20
164	11.0
165	11.5
166	11.9
166.8	11.90
167	11.7
167.5	12.00
168	11.8
168.6	11.86
169	11.8
169.3	11.6
170	11.7
171	11.7
172	11.6
172.4	11.55
173	11.5
173.4	11.4
174	11.5
174.8	11.25
175	11.2
176	11.5
177	11.9
178	12.3
179	12.9
180	13.4
181	13.8
181.3	13.9
182	14.0
183	14.1
184	14.2
185	14.3
186	14.4
187	14.6
188	14.7
189	14.9
190	15.0
191	15.2
191.3	15.5
191.6	15.4
192	15.6
193	15.8
194	15.7
195	13.7
195.4	13.6
196	13.8
196.3	13.9
196.7	14
197	14.2
198	14.7
198.2	14.8
199	14.3
200	14.0
200.3	14.7
200.6	14.8
201	14.7
202	14.2
203	14.0
203.5	14
203.6	13.5
204	13.5
204.5	12.7
204.7	12.4
205	12.4
205.3	12.3
205.5	12
206	12.0
206.4	12.2
206.6	12.15
206.9	12
207	12.0
207.4	12.15
207.6	12
208	12.2
208.6	12.2
209	11.8
209.7	11.5
210	11.2
211	10.9
212	11.8
212.9	11.85
213	11.8
214	11.6
215	11.6
215.2	11.55
215.7	11.1
216	11.0
216.6	10.8
217	10.9
217.2	10.95
217.9	11.6
218	11.6
218.3	11.35
218.6	11.5
219	11.2
219.5	10.5
220	10.0
221	9.6
222	9.4
222.3	9.4
222.8	9.6
223	9.5
223.5	9.5
223.9	9.88
224	9.7
224.5	9.6
225	9.5
225.5	9.4
226	9.0
226.6	9
227	8.9
227.3	8.8
228	8.8
229	8.7
230	8.5
230.5	8.8
230.6	9.1
231	9.2
231.9	9.5
232	9.4
232.5	9.4
232.8	9.3
233	9.3
233.2	9.3
233.7	9.7
233.9	9.6
234	9.6
234.4	9.4
235	9.6
235.5	9.7
236	9.7
236.2	9.6
236.5	9.5
237	9.5
238	9.6
239	9.7
239.4	9.7
240	10.2
240.6	10.7
240.8	10.7
241	10.5
242	10.7
243	10.9
243.4	10.9
244	10.8
244.4	10.68
245	10.6
245.8	9.65
246	9.6
246.3	9.55
247	9.0
248	9.0
249	9.2
250	9.8
251	9.8
252	9.0
253	10.2
254	10.7
255	11.4
256	11.5
257	11.6
258	11.8
259	12.0
260	12.2
261	12.3
262	12.6
263	12.1
264	12.5
265	12.1
266	13.3
267	13.5
268	13.6
269	14.0
270	14.2
271	14.5
272	15.4
273	16.2
274	16.0
275	16.8
276	17.5
277	18.0
278	18.5
279	18.7
280	19.1
281	19.2
282	19.1
283	19.0
284	19.0
285	19.0
286	19.0
287	20.0
288	22.0
289	22.0
290	22.0
291	22.0
292	23.0
293	24.0
294	24.0
295	24.0
296	23.0
297	23.0
298	23.0
299	22.0
300	21.0
301	20.0
302	20.0
303	20.0
304	20.0
305	21.0
306	23.0
307	23.0
308	22.0
309	21.0
310	21.0
311	22.0
312	22.0
313	22.0
314	21.0
315	20.0
316	19.0
317	18.0
318	19.0
319	19.0
320	20.0
321	20.0
322	21.0
323	20.0
324	19.0
325	19.0
326	19.0
327	20.0
328	21.0
329	21.0
330	19.0
331	18.0
332	17.0
333	17.0
334	17.0
335	17.0
336	17.0
337	18.0
338	20.0
339	20.0
340	21.0
341	21.0
342	20.0
343	19.0
344	18.0
345	18.0
346	19.0
347	20.0
348	21.0
349	21.0
350	20.0
351	21.0
352	22.0
353	22.0
354	21.0
355	20.0
356	18.0
357	16.0
358	14.0
359	12.0
360	11.0
];
